----------------------------------------
Start experiment
2
290.12
1575.94
2290.31
1576.5
2290.69
1575.56
2291.25
1576.31
2291.44
1577.81
2291.25
1575.75
2290.31
1576.31
2289.56
1577.06
2289.94
1575.75
2291.62
1577.25
2289.94
1576.31
2290.31
1576.13
2289.75
1577.06
2291.06
1576.5
2289
1576.13
2288.62
1576.88
2291.81
1576.13
2290.31
1576.13
2290.5
1576.13
2289.56
1575.94
2293.12
1575.38
2289.75
1576.5
2289.37
1575.75
2290.87
1577.44
2290.5
1577.25
2292
1575.56
2289
1577.06
2291.06
1577.06
2292.94
1577.25
2289.94
1578
2292.37
1575.38
2289.37
1575.56
2290.5
1575.38
2291.25
1575.38
2292
1575
2290.5
1577.25
2291.62
1576.88
2291.62
1575.75
2290.31
1577.63
2292.75
1575.94
2291.25
1576.5
2291.62
1575.94
2291.25
1575
2291.44
1576.13
2292.56
1575.75
2290.31
1576.69
2288.81
1576.69
2290.31
1576.13
2291.81
1575.75
2289.19
1576.31
2290.69
1575.94
2290.31
1575.56
2290.87
1576.13
2289
1576.31
2291.81
1575.94
2290.87
1575.56
2291.44
1575.56
2289.75
1576.5
2290.12
1575.94
2291.06
1575.75
2291.44
1576.31
2290.87
1575.75
2290.12
1575.75
2290.5
1576.5
2291.44
1577.25
2291.44
1576.13
2289.94
1576.13
2289.94
1576.69
2292.19
1574.81
2288.81
1576.31
2288.81
1576.13
2291.44
1576.31
2292.56
1576.13
2290.69
1575.94
2289.37
1575.94
2292
1575.38
2291.25
1576.31
2290.87
1576.69
2291.62
1575.75
2290.5
End experiment
----------------------------------------
Start experiment
2
290.12
1575.94
2290.31
1576.5
2290.69
1575.56
2291.25
1576.31
2291.44
1577.81
2291.25
1575.75
2290.31
1576.31
2289.56
1577.06
2289.94
1575.75
2291.62
1577.25
2289.94
1576.31
2290.31
1576.13
2289.75
1577.06
2291.06
1576.5
2289
1576.13
2288.62
1576.88
2291.81
1576.13
2290.31
1576.13
2290.5
1576.13
2289.56
1575.94
2293.12
1575.38
2289.75
1576.5
2289.37
1575.75
2290.87
1577.44
2290.5
1577.25
2292
1575.56
2289
1577.06
2291.06
1577.06
2292.94
1577.25
2289.94
1578
2292.37
1575.38
2289.37
1575.56
2290.5
1575.38
2291.25
1575.38
2292
1575
2290.5
1577.25
2291.62
1576.88
2291.62
1575.75
2290.31
1577.63
2292.75
1575.94
2291.25
1576.5
2291.62
1575.94
2291.25
1575
2291.44
1576.13
2292.56
1575.75
2290.31
1576.69
2288.81
1576.69
2290.31
1576.13
2291.81
1575.75
2289.19
1576.31
2290.69
1575.94
2290.31
1575.56
2290.87
1576.13
2289
1576.31
2291.81
1575.94
2290.87
1575.56
2291.44
1575.56
2289.75
1576.5
2290.12
1575.94
2291.06
1575.75
2291.44
1576.31
2290.87
1575.75
2290.12
1575.75
2290.5
1576.5
2291.44
1577.25
2291.44
1576.13
2289.94
1576.13
2289.94
1576.69
2292.19
1574.81
2288.81
1576.31
2288.81
1576.13
2291.44
1576.31
2292.56
1576.13
2290.69
1575.94
2289.37
1575.94
2292
1575.38
2291.25
1576.31
2290.87
1576.69
2291.62
1575.75
2290.5
575
94
2290.69
1575.94
2291.62
1575.19
2290.87
1576.5
2291.06
1576.31
2290.31
1576.13
2290.31
1576.13
2291.62
1576.31
2288.81
1576.88
2290.87
1575.56
2290.5
1576.5
2288.62
1577.06
2290.69
1576.31
2290.12
1576.13
2291.62
1576.31
2289.94
1577.06
2289.56
1576.69
2291.06
1576.31
2290.31
1576.88
2290.87
1576.13
2290.12
1576.31
2291.81
1575.56
2290.69
1576.31
2290.12
1576.13
2289.94
1575.56
2290.31
1577.44
2291.06
1575.19
2289.75
1576.5
2288.44
1575.19
2293.69
1575.75
2290.87
1576.31
2292.75
1575.56
2289.56
1576.13
2291.44
1575.38
2290.69
1575.94
2291.06
1574.81
2290.69
1578.19
2289.37
1576.13
2291.44
1576.13
2291.06
1576.69
2289.75
1574.63
2289
1576.88
2290.31
1575.19
2293.31
1574.81
2290.87
1576.5
2290.31
1575.38
2292.94
1576.31
2289.94
1575.38
2291.06
1576.69
2290.5
1576.5
2289.75
1575.19
2289.75
1576.13
2293.69
1575.94
2291.62
1576.13
2291.44
1575.94
2290.69
1575.56
2291.44
1576.31
2292.37
1576.31
2290.31
1575.94
End experiment
----------------------------------------
Start experiment
2291.44
1575.94
2291.62
1575.19
2291.25
1576.5
2290.12
1576.31
2291.81
1576.31
2291.62
1576.13
2289
1576.31
2288.81
1576.13
2290.5
1576.5
2289.19
1577.25
2292.75
1576.31
2291.25
1576.5
2290.69
1576.69
2291.62
1575.19
2290.12
1578
2290.87
1576.31
2290.69
1575.94
2291.44
1576.5
2291.62
1576.69
2290.12
1577.06
2288.44
1576.69
2292.37
1576.31
2291.62
1575.38
2291.06
1575.56
2291.25
1576.69
2291.81
1576.31
2289.94
1576.5
2290.69
1576.31
2289.19
1576.69
2290.31
1576.88
2290.5
1577.06
2290.69
1576.69
2290.12
1576.13
2290.31
1576.5
2290.12
1576.88
2292.56
1576.31
2289.75
1576.69
2290.5
1575.94
2289.56
1576.31
2291.25
1576.31
2291.25
1575.94
2290.5
1575.94
2289.56
1577.63
2290.87
1576.13
2290.31
1575.94
2290.5
1576.88
2289.94
1575.19
2292.37
1576.31
2291.25
1576.13
2290.69
1575.19
2289.94
1577.81
2289.94
1576.31
2289
1576.13
2289.37
1576.69
2292.19
1575.38
2289
1577.06
2290.12
1575.94
2291.06
1576.13
2289
1577.44
2291.06
1575.19
2291.25
1576.31
2289.19
1576.88
2291.06
1576.13
2289.75
1576.88
2291.06
1576.13
2289.37
1576.31
2290.5
1576.13
2293.12
1576.88
2291.06
1576.5
2291.81
1575.75
2289
1575.38
2290.69
1576.31
2288.62
1577.44
2290.69
1576.13
2290.5
1576.88
2290.5
1576.13
2291.44
End experiment
----------------------------------------
Start experiment
2288.25
1576.88
2293.12
1576.31
2290.87
1576.88
2288.44
1575.19
2291.25
1576.5
2290.87
1576.88
2290.31
1575.56
2287.5
1576.88
2290.87
1576.5
2289.19
1576.13
2290.69
1576.13
2292.37
1576.31
2290.12
1576.69
2292.56
1575.94
2289.75
1576.69
2288.81
1576.88
2290.69
1577.44
2290.87
1576.31
2291.44
1576.13
2289.94
1576.5
2291.06
1576.13
2292.56
1575.75
2290.5
1576.31
2290.5
1576.31
2291.25
1576.13
2292.75
1575.94
2291.06
1576.88
2290.31
1576.13
2292
1576.69
2289.75
1576.5
2290.5
1575.56
2290.69
1576.5
2292.75
1575.75
2289.75
1576.5
2291.44
1576.31
2293.69
1575.94
2290.5
1576.88
2291.81
1575.94
2291.81
1576.5
2290.69
1575.75
2291.44
1577.44
2292.19
End experiment
----------------------------------------
Start experiment
2291.44
1575.38
2291.25
1576.31
2289.75
1575.94
2290.69
1575.56
2287.69
1577.25
2291.81
1575.38
2290.5
1576.88
2289.19
1576.88
2290.5
1576.88
2289.94
1575.94
2292.19
1574.63
2290.12
1576.5
2291.06
1575.94
2291.62
1576.31
2291.62
1576.31
2292.37
1575.94
2291.25
1575.94
2290.31
1575.75
2289.94
1576.13
2290.12
1575.56
2291.81
1575.38
2288.25
1575.94
2290.69
1575.94
2292.75
1576.31
2290.12
1575.94
2292.75
1575.56
2291.25
1576.69
2290.69
1575.94
2288.44
1577.06
2292.75
1575.75
2289.56
1577.81
2291.06
1575.38
2291.25
1576.5
2289.19
1576.88
2291.06
1575.94
2290.87
1576.69
2291.44
1575.56
2289.75
1576.5
2289.19
1576.5
2289.75
1576.31
2291.25
1576.31
2291.06
1575.38
2289.37
1578.38
2290.69
1575.75
2291.25
1576.5
2289.56
1576.88
2289.37
1576.88
2290.5
1575.94
2289.56
1575.94
2288.81
End experiment
